119
153
113
62
128
120
35
96
168
58
146
152
33
9
12
56
35
189
173
33
126
95
27
89
182
8
124
159
191
15
95
197
160
75
56
27
36
45
20
164
139
0
116
55
55
152
127
77
10
149
160
81
13
66
15
49
148
94
51
104
189
15
109
181
87
173
144
83
78
114
116
86
5
164
73
63
53
5
193
116
121
31
150
175
76
87
83
169
146
181
47
139
148
61
92
113
159
181
133
44
156
27
125
42
121
195
93
19
182
114
181
91
29
130
4
175
128
34
19
174
38
96
115
45
160
54
159
159
110
39
20
112
71
68
132
44
189
16
82
136
151
84
112
20
192
119
173
4
197
190
10
58
107
180
123
50
118
78
131
130
47
86
104
83
93
177
101
136
36
151
38
194
187
191
190
149
31
13
189
179
157
17
110
139
109
100
140
198
74
57
164
78
78
94
37
106
186
30
124
122
